 1  1  0  0  360 
 2  1  200.0001  7.438975E-05  360 
 3  1  400.0001  3.942064E-05  360 
 4  1  600.0001  4.451533E-06  360 
 5  5  800.0001 -3.051758E-05  0 
 6  5  1009.545 -68.08546  36 
 7  5  1139.052 -246.3354  72 
 8  5  1139.052 -466.6645  108 
 9  5  1009.545 -644.9145  144 
 10  1  600 -712.9999  0 
 11  1  400 -712.9999  0 
 12  1  200 -712.9999  0 
 13  5 -209.5454 -68.08545  324 
 14  5 -339.0516 -246.3354  288 
 15  5 -339.0516 -466.6645  252 
 16  5 -209.5454 -644.9144  216 
 17  5  0 -712.9999  180 
 18  20  0 -712.9999  0 
 19  21  199.934 -681.3334 -18 
 20  1  499.868 -649.667  0 
 21  11  390.1453 -619.53 -18 
 22  3  590.0793 -587.8636  0 
 23  3  399.868 -649.667  0 
 24  15  699.868 -649.667  0 
 25  11  890.0134 -556.1971  162 
 26  15  890.0134 -556.1971 -18 